[
 [
  0.35696786499023436,
  -0.15645661926269533,
  0.295982177734375,
  2.9949424923712717,
  0.3305764883463409,
  1.1593363404810002
 ],
 [
  0.3502483215332031,
  -0.16188394165039063,
  0.28091546630859376,
  3.037257991563759,
  0.339892858340197,
  1.1608966865636776
 ],
 [
  0.344016845703125,
  -0.16276164245605468,
  0.26250238037109375,
  3.0926759770033265,
  0.3489531321057283,
  1.1820688172298077
 ],
 [
  0.3393265380859375,
  -0.1587509307861328,
  0.2417687683105469,
  -3.1272877501105416,
  0.35163203913575264,
  1.2209275333273717
 ],
 [
  0.33792877197265625,
  -0.1505274658203125,
  0.22133203125,
  -3.0698377727592434,
  0.3411490048473601,
  1.266951218021685
 ],
 [
  0.33962173461914064,
  -0.13927435302734376,
  0.20131353759765624,
  -3.0218896878612385,
  0.3178134552697043,
  1.3144261923520373
 ],
 [
  0.34411785888671875,
  -0.12624456787109375,
  0.18305216979980468,
  -2.9884787340895405,
  0.2862387510696158,
  1.3582390538674214
 ],
 [
  0.35207916259765626,
  -0.11107025146484376,
  0.1663101043701172,
  -2.9710981458673564,
  0.24654145547905615,
  1.3990095201534989
 ],
 [
  0.3629639587402344,
  -0.0949078598022461,
  0.1525911407470703,
  -2.970419572421604,
  0.20526961582825753,
  1.4364807293231316
 ],
 [
  0.3761254577636719,
  -0.07808841705322266,
  0.14216688537597658,
  -2.984095969883597,
  0.16645748840501293,
  1.4731974649559452
 ],
 [
  0.39129119873046875,
  -0.06007247161865235,
  0.134489013671875,
  -3.008924887042515,
  0.13179251865502378,
  1.512099990053441
 ],
 [
  0.4069667663574219,
  -0.04235447692871094,
  0.12971290588378906,
  -3.040283342562089,
  0.10645648569028451,
  1.550579738327887
 ],
 [
  0.42031460571289064,
  -0.02764092826843262,
  0.12767337036132811,
  -3.070401297645904,
  0.09309785328060848,
  1.5827455311319185
 ],
 [
  0.43485934448242186,
  -0.009842500686645508,
  0.1266841583251953,
  -3.1052836479198707,
  0.08342171519061793,
  1.6183916760065202
 ],
 [
  0.4463421630859375,
  0.008984199523925781,
  0.12610704040527343,
  -3.134963779320477,
  0.07696816014481297,
  1.6505540067011346
 ],
 [
  0.4547173156738281,
  0.027651695251464846,
  0.12548109436035157,
  3.125250964508849,
  0.07676401220250159,
  1.6857386257588256
 ],
 [
  0.4599642028808594,
  0.044844062805175784,
  0.12453578186035157,
  3.109658156326435,
  0.08319947439765081,
  1.718274864270487
 ],
 [
  0.46347158813476563,
  0.061791362762451174,
  0.12388757324218751,
  3.0967058723648346,
  0.09504863542384834,
  1.7490149337849448
 ],
 [
  0.467041748046875,
  0.07863946533203126,
  0.12559632873535156,
  3.079739672008267,
  0.10984163807426263,
  1.775444943391218
 ],
 [
  0.47208837890625,
  0.09637892150878906,
  0.13106874084472656,
  3.054581321822506,
  0.12609294612571229,
  1.7958197236269784
 ],
 [
  0.47824490356445315,
  0.11420405578613281,
  0.13985484313964844,
  3.0229933018169675,
  0.14286287983231966,
  1.808681726427625
 ],
 [
  0.4852068786621094,
  0.1312421875,
  0.15108842468261718,
  2.987177513580928,
  0.16189119911044944,
  1.8119667356322378
 ],
 [
  0.4914805297851563,
  0.14416221618652345,
  0.1618886260986328,
  2.954323959425383,
  0.17664920615966442,
  1.806124559148931
 ],
 [
  0.500487060546875,
  0.15860264587402345,
  0.17748835754394532,
  2.9074975979785203,
  0.1913432973427175,
  1.7870347541391338
 ],
 [
  0.5102382202148438,
  0.17089547729492188,
  0.1947970733642578,
  2.85634573028915,
  0.20004352837362693,
  1.7563820363084308
 ],
 [
  0.521041748046875,
  0.1814464111328125,
  0.21453573608398438,
  2.800055559592581,
  0.20070765417046543,
  1.7143255295319542
 ],
 [
  0.5317910766601562,
  0.18950697326660157,
  0.23530757141113282,
  2.7446492920618097,
  0.19176913680102117,
  1.6645889988039066
 ],
 [
  0.5423060302734375,
  0.1943489990234375,
  0.2567718811035156,
  2.692936562646869,
  0.17404773053833414,
  1.6072869600511623
 ],
 [
  0.5516890869140625,
  0.195655029296875,
  0.2772264099121094,
  2.650491367509295,
  0.14941140986049956,
  1.5476599816667787
 ],
 [
  0.5599091796875,
  0.19454063415527345,
  0.29730859375,
  2.6163504412828065,
  0.1184243321549371,
  1.487102361639467
 ],
 [
  0.5663096923828125,
  0.1913191375732422,
  0.3163700866699219,
  2.592352963016211,
  0.08274795207958469,
  1.4297871402393265
 ],
 [
  0.5712255859375001,
  0.18641917419433593,
  0.336093994140625,
  2.575497550160991,
  0.040563871564514666,
  1.3748629048658594
 ],
 [
  0.574991455078125,
  0.17931663513183593,
  0.3561231079101563,
  2.5630536636514867,
  -0.002152715422634975,
  1.3241756256286539
 ],
 [
  0.5771937255859375,
  0.17106222534179688,
  0.37446026611328126,
  2.555266314307986,
  -0.039867621387027076,
  1.2823449549126156
 ],
 [
  0.57793798828125,
  0.1597989501953125,
  0.3939401245117188,
  2.551199933639544,
  -0.07720573908118326,
  1.241271687210596
 ],
 [
  0.5765905151367188,
  0.146572998046875,
  0.4108035278320313,
  2.5535248732711833,
  -0.10597364626227473,
  1.206044990207682
 ],
 [
  0.5734848022460938,
  0.13158013916015626,
  0.4238062133789063,
  2.5610275306941546,
  -0.12337757875588909,
  1.1766953570983547
 ],
 [
  0.5688142700195312,
  0.11420799255371095,
  0.4322896728515625,
  2.573926285117844,
  -0.12892644133463732,
  1.1499087502221197
 ],
 [
  0.562932861328125,
  0.09534711456298828,
  0.435986572265625,
  2.592133518542389,
  -0.12631700951955044,
  1.122700032313107
 ],
 [
  0.5554381713867188,
  0.07487397766113281,
  0.43568795776367186,
  2.6167640302000956,
  -0.11978349306201584,
  1.091883197180228
 ],
 [
  0.5467723999023437,
  0.05513625717163086,
  0.4314826354980469,
  2.6470297907244102,
  -0.10957750242839721,
  1.0626894255736976
 ],
 [
  0.538980712890625,
  0.03965154266357422,
  0.42574139404296873,
  2.6768225738391265,
  -0.09888409505864523,
  1.0401074840055071
 ],
 [
  0.5292605590820313,
  0.02308226203918457,
  0.4161773376464844,
  2.7187199567404714,
  -0.0841987590176758,
  1.017631669406756
 ],
 [
  0.5204540405273438,
  0.010692607879638672,
  0.4054212341308594,
  2.762202985754849,
  -0.07072134130100383,
  1.0034000694365088
 ],
 [
  0.5115751647949219,
  0.0013532447814941406,
  0.3931368408203125,
  2.809485546696443,
  -0.05776030635850902,
  0.997506893418327
 ],
 [
  0.5034310302734375,
  -0.005082184791564941,
  0.3801602783203125,
  2.857014716354978,
  -0.04689136338340719,
  0.999899144446518
 ],
 [
  0.4956563720703125,
  -0.009241775512695312,
  0.3651715087890625,
  2.9069047783198685,
  -0.035562584034211156,
  1.010747331409874
 ],
 [
  0.4886913757324219,
  -0.01139940357208252,
  0.34898474121093753,
  2.956294432315933,
  -0.024442929409613588,
  1.0293730805997245
 ],
 [
  0.48251113891601566,
  -0.011950763702392578,
  0.3312127685546875,
  3.004957842282733,
  -0.013502129979052762,
  1.056291114475755
 ],
 [
  0.477618408203125,
  -0.011550951004028321,
  0.3133323974609375,
  3.0487380800747634,
  -0.0035208612474636795,
  1.088913572827708
 ],
 [
  0.4735544128417969,
  -0.010949186325073242,
  0.2969788818359375,
  3.085232175440446,
  0.007052908291654342,
  1.1215512777769014
 ],
 [
  0.46870147705078125,
  -0.010473411560058593,
  0.2774715576171875,
  3.1259188853102406,
  0.02191478018382836,
  1.1646647931900307
 ],
 [
  0.464009765625,
  -0.010164154052734376,
  0.258085693359375,
  -3.119461784931235,
  0.03974410896909624,
  1.2119553436148949
 ],
 [
  0.4605538330078125,
  -0.00993275260925293,
  0.23960496520996094,
  -3.0874931992059236,
  0.05794875829514575,
  1.2640530329654065
 ],
 [
  0.4597146301269531,
  -0.007637372970581055,
  0.2232288055419922,
  -3.0635971873768604,
  0.06777979665322724,
  1.3171531361502238
 ],
 [
  0.46145852661132813,
  -0.0026516528129577636,
  0.20891796875000002,
  -3.0484142396862097,
  0.07033110497752315,
  1.3733250624943931
 ],
 [
  0.4657177734375,
  0.004959818840026856,
  0.197698486328125,
  -3.044286872628805,
  0.06687083064485878,
  1.4293847365986156
 ],
 [
  0.47230731201171877,
  0.014946044921875,
  0.18923391723632813,
  -3.050596433883421,
  0.05943558448698018,
  1.4838887251520683
 ]
]